0,630 29,000
3,097 28,541
3,710 22,459
1,556 17,630
0,733 12,959
-0,156 9,132
1,481 8,034
6,570 6,719
7,525 7,174
10,883 2,957
13,955 0,706
14,100 1,210
15,324 0,304
20,349 -4,378
25,487 -7,532
30,865 -12,138
35,246 -13,289
40,502 -14,934
44,165 -14,718
47,431 -11,299
47,482 -9,019
45,149 -5,487
41,748 -5,850
37,103 -3,405
36,311 0,478
35,233 6,997
30,604 10,561
28,920 10,162
24,542 11,783
22,370 10,930
22,584 13,141
20,522 17,484
19,488 21,234
19,444 25,824
19,074 28,734
13,844 27,896
11,731 26,484
6,725 28,279
2,011 28,822
1,088 27,901
0,284 27,960
-0,533 27,678
3,172 25,856
7,067 25,048
9,257 21,625
11,452 21,671
14,583 21,194
14,064 20,358
15,754 18,209
21,581 16,090
27,030 12,653
32,048 11,538
36,580 12,279
41,666 14,529
45,336 15,470
47,446 12,662
47,127 7,798
44,408 6,709
39,826 6,268
36,756 1,815
36,191 0,726
32,936 0,621
28,705 1,189
26,726 0,651
22,082 1,006
22,456 1,670
22,036 1,197
0,630 29,000
